976
565 894
317 203
470 671
493 226
18 34
75 519
62 84
768 639
857 206
935 381
588 236
792 273
544 169
163 837
235 669
427 694
101 437
477 5
169 296
276 123
245 55
845 155
663 498
250 403
895 615
580 242
2 108
287 632
478 363
830 455
819 33
486 789
14 45
238 87
480 589
170 399
208 267
896 431
715 668
635 950
450 691
200 205
9 77
889 461
287 235
403 878
3 5
609 710
8 37
18 438
6 20
241 111
197 138
29 155
327 197
840 197
171 407
151 209
208 30
22 910
497 189
824 261
720 798
272 614
461 672
439 787
249 42
65 450
806 161
366 323
600 680
226 414
728 132
134 50
634 741
295 511
257 319
782 902
38 2
565 36
248 281
436 804
429 390
381 198
847 636
488 34
727 963
606 434
254 866
263 449
972 966
19 39
19 80
875 672
75 64
7 3
648 124
12 47
72 838
501 86
55 211
555 307
472 474
81 130
236 51
796 273
217 945
227 342
13 56
664 291
305 223
891 199
859 746
510 699
171 210
21 246
638 675
246 359
24 142
823 503
233 266
227 933
399 765
401 84
879 288
37 827
384 928
411 774
936 114
216 498
238 464
74 293
422 143
216 623
140 221
131 78
833 693
290 523
405 235
169 240
99 320
4 536
128 486
739 472
483 224
90 96
445 48
489 143
300 867
607 100
2 1
549 462
269 374
476 440
17 315
753 831
515 742
654 545
252 243
628 503
897 617
36 17
32 203
66 667
201 187
908 655
370 110
379 148
235 304
468 58
478 673
619 478
729 692
954 163
173 129
92 336
330 490
309 679
474 826
29 129
145 113
140 214
41 66
602 621
109 271
3 4
666 134
387 215
298 343
618 660
295 276
247 168
140 106
240 822
473 592
394 382
307 212
226 329
482 722
250 330
198 723
962 884
501 603
812 361
185 9
469 547
620 305
231 107
948 117
937 690
335 231
14 95
611 778
42 49
64 218
408 257
191 412
973 863
491 166
644 211
27 16
11 911
22 172
202 61
249 543
170 393
899 663
682 212
594 559
548 510
316 423
120 27
7 110
675 695
855 663
916 207
630 454
239 357
375 378
487 174
358 530
214 724
215 604
677 456
143 99
131 178
252 578
185 964
116 127
580 799
675 848
516 207
772 576
59 97
418 906
591 587
255 313
37 125
968 339
642 780
226 126
64 83
511 932
377 278
343 693
726 393
119 243
704 740
103 871
127 428
647 930
171 216
457 62
917 592
147 177
26 258
317 448
970 754
825 907
59 36
943 601
369 265
966 153
458 154
45 557
472 568
953 780
341 24
169 442
73 725
358 20
484 125
356 420
683 532
253 579
595 499
421 849
97 106
124 456
166 20
283 124
444 274
585 540
141 6
311 162
494 472
931 588
528 146
498 586
775 122
109 217
626 70
40 85
90 351
920 27
84 828
243 842
79 94
383 322
463 118
43 316
649 190
652 594
15 90
9 469
270 250
577 562
850 662
712 1
331 300
12 171
159 282
229 265
4 16
593 757
961 441
186 129
825 384
662 751
80 175
309 681
124 602
627 732
303 507
941 911
57 101
403 692
443 546
550 520
302 220
432 702
353 610
584 403
844 502
370 413
170 2
2 9
515 656
542 575
550 898
136 81
14 745
60 235
40 411
657 122
432 134
807 659
12 363
149 63
3 31
290 8
365 730
282 572
192 120
544 598
53 425
479 106
536 645
674 707
268 321
237 563
256 262
436 900
11 163
463 746
454 558
199 334
737 297
28 30
89 113
245 353
5 17
339 4
676 659
706 85
284 821
770 666
418 82
360 290
347 77
500 432
230 975
47 224
62 390
51 793
777 944
761 147
621 864
259 278
80 232
869 189
72 817
386 246
325 213
291 157
125 272
450 459
155 228
1 310
338 11
372 76
19 26
302 348
17 28
116 285
61 67
220 382
286 82
57 18
234 447
116 499
203 784
399 903
213 125
549 788
46 29
406 155
246 744
411 596
810 306
141 698
214 731
378 820
556 587
349 228
19 929
15 105
63 35
922 383
858 473
207 122
779 615
531 382
34 159
246 801
2 8
312 176
28 43
361 851
912 91
22 78
435 158
865 579
275 194
625 40
93 939
62 368
409 392
662 604
440 504
150 141
863 858
227 156
174 11
685 227
225 166
34 41
852 824
662 759
114 856
95 641
462 435
56 68
233 126
364 310
764 664
836 576
22 48
254 157
263 344
960 641
20 88
717 49
187 190
460 134
639 250
191 96
809 205
766 239
72 32
569 763
449 711
624 431
388 39
481 445
77 440
716 771
119 57
762 410
395 522
340 50
69 23
117 69
747 312
841 105
215 634
787 965
887 560
66 135
914 305
250 144
448 540
13 2
51 26
92 8
299 204
273 215
805 739
31 927
151 50
776 571
207 376
123 164
196 121
485 880
774 868
430 146
17 40
294 55
434 212
112 4
593 137
121 46
58 32
1 91
3 613
236 735
227 617
716 915
16 25
107 37
386 860
465 409
325 815
587 769
733 350
277 224
73 404
176 581
12 7
175 854
172 829
2 3
9 11
696 545
199 21
240 362
4 98
346 687
110 697
167 308
81 573
236 551
434 638
398 306
189 268
59 157
748 976
93 65
773 626
328 257
2 44
103 4
926 291
539 511
158 26
151 181
194 417
521 487
119 165
257 93
74 161
513 510
624 651
79 69
574 356
396 292
503 307
196 306
533 800
176 34
272 876
392 616
674 39
415 247
151 518
400 149
33 22
180 909
778 923
952 466
88 718
168 239
56 629
81 26
200 109
372 720
38 89
556 355
959 684
485 110
234 54
881 537
467 165
538 494
791 522
777 184
635 198
169 15
20 314
454 306
560 155
864 905
251 112
77 220
719 223
684 96
10 32
9 14
843 629
482 329
260 187
261 794
590 548
144 786
308 734
153 180
117 496
54 35
733 782
112 248
259 957
19 29
168 38
126 495
470 43
123 466
509 661
324 227
289 216
134 146
658 314
971 420
783 707
363 512
599 479
46 70
277 380
888 645
17 18
19 24
76 195
839 743
144 18
754 592
229 26
514 318
105 690
102 122
612 563
319 633
727 485
116 80
137 670
738 608
237 163
9 615
347 352
190 947
635 753
356 350
184 21
818 272
206 419
117 508
516 749
802 34
189 172
703 164
62 451
808 38
133 85
22 11
69 643
781 192
758 737
721 706
126 397
633 713
84 431
102 259
453 263
33 194
583 297
129 524
297 238
541 63
56 99
717 811
13 50
520 239
636 415
86 60
517 493
188 79
10 219
91 111
51 385
63 65
390 946
57 193
444 509
446 157
904 876
326 294
456 576
59 138
471 404
542 470
126 384
357 532
473 115
600 198
777 921
367 305
128 35
183 716
55 545
149 605
82 949
665 268
294 601
754 942
452 151
59 187
554 28
918 24
329 433
255 246
360 537
60 701
323 244
506 380
608 189
249 492
627 24
564 547
60 12
410 367
269 189
180 318
309 118
113 301
389 81
74 58
892 104
229 969
28 230
179 7
609 26
335 873
160 109
756 318
316 705
253 122
951 537
86 147
597 125
790 634
515 509
884 455
455 346
445 570
99 284
105 416
846 193
3 582
102 72
486 659
85 395
95 525
870 82
668 88
124 81
480 268
57 365
207 475
34 64
98 100
426 119
292 81
9 439
280 228
958 416
198 934
389 874
2 502
354 127
91 391
61 288
824 938
901 791
814 501
631 124
351 714
81 402
571 402
569 484
127 655
4 212
622 456
512 924
69 222
361 116
653 580
388 441
527 64
913 391
350 877
42 55
3 71
171 424
106 274
15 9
463 736
184 529
175 337
505 348
16 427
383 686
10 567
526 463
834 185
226 967
327 373
81 206
19 15
4 21
7 53
436 163
642 31
2 6
123 29
553 125
263 106
156 28
87 76
132 77
61 50
62 15
387 785
153 127
198 124
244 167
561 559
16 813
392 248
691 835
37 148
126 6
102 137
256 9
379 708
66 618
365 890
182 88
646 331
637 17
552 494
152 72
288 375
832 548
20 23
35 24
381 700
